100
192440082
162382633
176565019
134667117
173551413
180780618
115576021
113191855
171131780
198116638
172983647
160253643
148261716
156895730
176450563
159010449
154194458
150341689
140891055
102595890
166150070
136597026
159182060
136884035
192259696
173151253
104532533
129695564
135796450
137785307
190975698
179315014
110679945
199187405
130942193
185900479
189993906
157539865
180806221
117892377
104381383
128670344
145229641
151200677
169124445
120325097
138741612
144537996
163155812
188165173
133008511
137558635
149246632
134735471
130243312
144596134
134236468
110757914
183743248
163291513
190772740
177109861
133400101
188959471
186876456
196784318
152817885
121380132
110431239
133696316
151761530
124683785
132534097
160279442
166426630
168914480
140187433
119427500
115005476
191120402
117341235
119397507
158210062
129128773
121803595
197085102
178416305
187105734
162968611
122875748
139345265
174066250
110623100
107741233
135562510
187559066
192499812
112267083
173861979
172332220
