100
83348611
18508219
6454492
39724508
88074018
27312972
83932868
21566650
6620948
20437149
42060489
94244884
69346713
12068945
88010424
68748204
12430295
85045728
15932119
35303055
65581350
67646465
48122484
51195538
47798877
55066509
14517719
58504944
5662598
71617760
4775181
789115
79062004
67317495
77825296
94436968
51348239
67488388
42020396
35436047
82176602
96959739
94501676
10303760
17271044
52405972
97098941
3174254
17819397
78332580
41026216
62563593
17317236
8915763
99047317
8934189
52084093
40221125
80667304
1425952
28090142
98847051
59944860
7298225
82274710
180658
51869248
17341437
87332821
50229517
5788281
34864961
49525250
26698303
6600174
26543530
23867333
21072508
22113431
40578811
75260480
8147274
91744995
91596866
50836614
98383250
46902412
7604652
7774694
40315001
66055533
1158814
17708747
92732399
48379099
12193324
65967077
53724883
86967446
2522301
